99.15
98.9
98.7666666666661
98.5925
98.69
98.5216666666677
98.38428571428662
98.255
98.29555555555395
98.099
98.03999999999898
97.98833333333123
97.84307692308104
97.75071428571704
97.62600000000245
97.655
97.59058823528832
97.44888888889345
97.4078947368464
97.4085
97.30714285714684
97.2145454545493
97.23521739130734
97.15583333333572
97.1076
97.16576923077643
97.0181481481453
97.10535714285295
97.0041379310371
96.87299999999813
96.8783870967702
96.918125
96.91272727273505
96.92764705881679
96.88828571428158
96.81055555556142
96.84621621621055
96.78394736841811
96.86999999999672
96.80475
96.85195121951911
96.85190476190962
96.79837209302494
96.82318181818506
96.91577777777277
96.85326086956694
96.9782978723414
96.89541666666508
96.94979591837014
96.9006
96.95509803920973
96.89346153846095
96.9822641509507
96.98333333333908
97.02272727272371
97.11089285714257
97.06824561403516
97.09913793103583
97.15355932202861
97.24133333333444
97.1781967213067
97.18967741935055
97.25396825396903
97.30984375
97.27769230769238
97.40878787879356
97.44537313432163
97.4066176470535
97.438115942033
97.56500000000268
97.58535211267868
97.62000000000353
97.67178082191748
97.7248648648607
97.76106666666577
97.80552631578655
97.80545454545492
97.84615384615637
97.90784810126563
97.948875
97.94901234567693
98.07402439024914
98.0772289156599
98.19035714285343
98.27058823529639
98.27523255814175
98.33034482758343
98.33943181818476
98.4268539325886
98.49744444444168
98.54527472527303
98.63652173913248
98.69419354838638
98.7192553191509
98.78842105262915
98.84395833333414
98.87402061855946
98.91459183673327
99.03525252525526
99.0662
