0.107097
0.106948
0.106648
0.106561
0.106258
0.106484
0.106699
0.106504
0.106991
0.10689
0.107334
0.106997
0.106692
0.10683
0.106456
0.107124
0.107075
0.106717
0.107001
0.107153
0.107131
0.106559
0.106745
0.106576
0.106421
0.10663
0.106642
0.106898
0.106613
0.106822
0.106806
0.106901
0.106537
0.106641
0.106609
0.106468
0.1068
0.107017
0.106703
0.106942
0.107356
0.106897
0.10698
0.10696
0.10658
0.106609
0.106791
0.106869
0.107089
0.106947
0.10696
0.106675
0.106624
0.106895
0.106736
0.106831
0.106646
0.106758
0.106875
0.106836
0.107033
0.106972
0.106855
0.106287
0.106595
0.106539
0.106633
0.106766
0.106748
0.106463
0.106478
0.106614
0.106737
0.106582
0.106471
0.106648
0.106694
0.106689
0.106685
0.106877
0.107048
0.106811
0.106774
0.106995
0.106615
0.106438
0.106771
0.106663
0.106913
0.106739
0.10686
0.106678
0.10666
0.10675
0.106742
0.106998
0.106576
0.106872
0.106863
0.106854
