0.106812 
0.106962 
0.107140 
0.106941 
0.107042 
0.106981 
0.107083 
0.107045 
0.107127 
0.106666 
0.106998 
0.107015 
0.106931 
0.106926 
0.106799 
0.107017 
0.107144 
0.106838 
0.107139 
0.106956 
0.107099 
0.106932 
0.106812 
0.106889 
0.106960 
0.107094 
0.107018 
0.107034 
0.106954 
0.110581 
0.108570 
0.107107 
0.107059 
0.106997 
0.107023 
0.106926 
0.106930 
0.106932 
0.107240 
0.107118 
0.107005 
0.106935 
0.109383 
0.107134 
0.106897 
0.107111 
0.107109 
0.106706 
0.106832 
0.106994 
0.106931 
0.106911 
0.109373 
0.107153 
0.106799 
0.107004 
0.106987 
0.106896 
0.106894 
0.107054 
0.106918 
0.107077 
0.107007 
0.106935 
0.106899 
0.106997 
0.107031 
0.106899 
0.106722 
0.106962 
0.107048 
0.106980 
0.106810 
0.107080 
0.107140 
0.107156 
0.106895 
0.107099 
0.106997 
0.107001 
0.106744 
0.106870 
0.107098 
0.107044 
0.106861 
0.106979 
0.107284 
0.107098 
0.106845 
0.107091 
0.107000 
0.106939 
0.106970 
0.106748 
0.107156 
0.106930 
0.106833 
0.107011 
0.107006 
0.107046
